4294967279,131
4294967279,130
4294967279,129
4294967279,128
4294967279,127
4294967279,126
4294967279,125
4294967279,124
4294967279,123
4294967279,122
4294967279,121
4294967279,120
4294967279,119
4294967279,118
4294967279,117
4294967279,116
4294967279,115
4294967279,114
4294967278,37
4294967278,36
4294967278,35
4294967278,34
4294967278,32
4294967278,31
4294967278,30
4294967278,29
4294967278,27
4294967278,25
4294967278,23
4294967278,22
4294967278,21
4294967278,20
4294967278,284
4294967278,19
4294967278,275
4294967278,18
4294967278,17
4294967278,272
4294967278,16
4294967278,283
4294967278,15
4294967278,14
4294967278,13
4294967278,12
4294967278,11
4294967278,10
4294967278,9
4294967278,8
4294967278,7
4294967278,6
4294967278,5
4294967278,4
4294967279,132
4294967279,174
4294967278,314
4294967294,61
4294967278,175
4294967294,436
4294967278,351
4294967294,193
4294967294,1044
4294967294,1029
4294967278,350
4294967279,542
4294967278,165
39,5
4294967278,164
39,4
39,3
39,2
39,1
4294967278,163
4294967278,161
4294967279,161
4294967278,160
4294967278,159
4294967278,158
37,4
37,3
37,2
37,1
4294967279,291
4294967278,156
4294967278,155
4294967278,154
4294967278,349
4294967279,541
4294967279,540
4294967279,297
4294967278,153
36,6
4294967278,38
4294967278,150
4294967279,151
4294967279,296
4294967278,39
4294967278,306
4294967278,295
4294967279,150
36,5
4294967278,149
4294967279,148
4294967278,148
36,4
4294967279,147
36,3
36,2
36,1
4294967279,295
4294967278,147
4294967279,146
4294967278,146
4294967279,143
4294967278,33
4294967278,145
4294967279,539
4294967279,288
4294967278,144
35,5
4294967278,28
4294967279,142
4294967278,142
4294967279,141
35,4
4294967278,141
35,3
35,2
35,1
4294967279,140
4294967278,140
4294967279,139
4294967278,348
4294967278,26
4294967279,137
4294967278,24
4294967278,290
4294967279,285
4294967279,134
4294967279,133
34,5
4294967279,271
34,4
34,3
34,2
34,1
4294967279,270
4294967279,267
4294967279,279
4294967294,408
4294967294,412
4294967294,406
4294967294,414
4294967294,417
4294967279,282
4294967279,273
4294967279,277
33,5
4294967279,264
33,4
4294967279,263
33,3
33,2
33,1
4294967279,262
4294967279,258
4294967279,259
4294967279,309
32,5
4294967279,257
4294967279,256
32,4
32,3
32,2
32,1
4294967278,347
4294967278,346
4294967279,255
4294967278,258
4294967279,538
4294967278,257
31,4
4294967279,537
31,3
31,2
31,1
4294967279,536
4294967278,345
4294967279,535
4294967278,256
4294967279,534
4294967279,533
4294967278,344
4294967278,343
4294967294,392
4294967294,388
4294967294,114
4294967279,532
4294967278,255
4294967279,531
4294967278,342
4294967278,341
4294967279,530
4294967278,340
4294967279,529
4294967279,528
4294967278,252
4294967278,43
4294967278,42
4294967278,41
4294967278,40
4294967279,44
4294967279,43
4294967279,42
4294967279,40
4294967279,39
4294967279,36
4294967279,35
4294967279,33
4294967279,32
4294967279,30
4294967279,29
4294967279,27
4294967279,26
4294967279,23
4294967279,22
4294967279,21
4294967279,18
4294967279,17
4294967279,16
4294967279,15
4294967279,14
4294967279,11
4294967279,9
4294967278,250
4294967278,248
4294967278,246
4294967278,244
4294967294,50
4294967294,180
4294967294,179
4294967294,189
4294967294,191
4294967294,188
4294967294,30
4294967294,164
4294967294,115
4294967294,387
4294967294,165
4294967294,113
4294967294,176
4294967294,175
4294967294,183
4294967294,173
4294967294,451
4294967294,18
4294967294,127
4294967294,14
4294967294,126
4294967294,20
4294967294,13
4294967294,166
4294967294,24
4294967294,12
4294967294,104
4294967294,106
4294967294,160
4294967294,119
4294967294,168
4294967294,162
4294967294,1413
4294967278,241
4294967294,423
4294967294,1030
4294967279,527
4294967278,339
4294967278,236
4294967278,338
4294967279,526
4294967278,234
4294967294,38
4294967294,37
4294967294,36
4294967294,39
4294967294,1419
4294967294,393
4294967294,426
4294967294,472
4294967294,29
4294967278,232
4294967278,233
4294967278,230
4294967278,226
30,5
4294967278,224
30,4
30,2
30,1
4294967278,222
4294967294,40
4294967294,42
4294967278,218
4294967278,216
4294967278,215
4294967294,52
4294967278,214
4294967279,525
4294967294,51
4294967278,213
4294967278,212
28,4
28,3
28,2
28,1
4294967279,524
4294967278,211
4294967278,210
4294967294,76
4294967278,209
4294967278,337
4294967279,523
4294967279,522
4294967278,208
4294967294,82
27,6
4294967294,87
4294967294,85
4294967294,1414
4294967294,83
4294967278,205
4294967294,92
4294967294,91
4294967294,88
4294967294,196
4294967294,163
4294967294,419
4294967294,1036
4294967279,521
4294967278,336
4294967278,335
27,5
4294967278,204
4294967278,203
27,4
27,3
27,2
27,1
4294967279,520
4294967278,202
4294967278,201
4294967278,200
4294967278,334
4294967279,519
4294967279,518
4294967278,199
26,5
4294967278,197
26,4
4294967278,196
26,3
